  -1.542277
  -1.209482
  -0.647711
   0.682409
   0.774766
   0.834147
   0.919494
   1.034944
   1.229512
   1.603859
   1.839026
   2.263439
   2.707807
   2.420498
   2.543581
   2.633183
   2.692542
   2.796446
   3.289446
   3.300442
   3.275973
   3.323286
   3.489886
   3.841218
   3.915561
   3.910085
   3.940389
   4.166890
   4.153448
   4.301189
   4.248846
   4.144357
   4.295953
   4.426709
   4.459373
   4.505714
   4.170621
   4.315890
   4.757444
   5.003382
   5.026487
   5.173755
   5.276511
   5.485093
   5.587093
   5.611179
   5.662156
   5.343683
   5.929944
   5.993531
   5.940212
   6.022392
   6.326210
   6.440411
   6.476088
   6.160042
   6.275068
   6.842335
   6.978105
   7.100360
   7.181852
   7.313003
   7.447938
   7.544621
   7.938990
   7.881044
   8.197231
   8.177736
   8.347300
   8.556102
   8.525927
   8.666703
   8.630066
   8.777734
   8.314054

